config_tf:
  camera:
    transform:
      rotation:
        w: 0.6024199003703482
        x: 0.41115186990609953
        y: 0.3760365829542905
        z: 0.5715250578850928
      translation:
        x: 76.53814054458702
        y: -2.373021635507802
        z: -232.35047090465153
gridboard:
  n_circles_x: 11
  n_circles_y: 16
  n_minimum: 9
  origin_x: 5
  origin_y: 8
  unitleng: 12
