rotation:
  w: -0.44583005321915803
  x: 0.5460195089507379
  y: -0.44749880639083434
  z: 0.5503118005009309
translation:
  x: -488.7828394841181
  y: 35.390517444443994
  z: 306.66589184839296
